9 114 55 131 3 11413 
7 112 56 131 4 11212 
9 115 55 131 2 11513 
7 113 56 131 3 11312 
9 116 55 131 2 11613 
7 114 56 131 3 11412 
9 117 55 131 2 11713 
7 115 56 131 3 11512 
9 118 55 131 2 11813 
7 116 56 131 3 11612 
9 119 55 131 3 11913 
7 117 56 131 4 11712 
9 120 55 131 3 12013 
7 118 56 131 4 11812 
9 121 55 131 3 12113 
7 119 56 131 4 11912 
9 122 55 131 3 12213 
7 120 56 131 4 12012 
9 123 55 131 4 12313 
7 121 56 131 6 12112 
9 124 55 131 4 12413 
7 122 56 131 6 12212 
9 125 55 131 4 12515 
7 123 56 131 6 12312 
9 126 55 131 2 12613 
7 124 56 131 6 12412 
9 127 55 131 2 12713 
7 125 56 131 3 12512 
9 128 55 131 2 12813 
7 126 56 131 3 12612 
9 129 55 131 2 12913 
7 127 56 131 3 12712 
9 130 55 131 3 13013 
7 128 56 131 3 12812 
9 131 55 131 3 13113 
7 129 56 131 4 12912 
9 132 55 131 3 13213 
7 130 56 131 4 13012 
9 133 55 131 3 13313 
7 131 56 131 4 13112 
9 134 55 131 1 13413 
7 132 56 131 4 13212 
9 135 55 131 1 13513 
7 133 56 131 5 13312 
9 136 55 131 1 13613 
7 134 56 131 5 13412 
9 137 55 131 1 13713 
7 135 56 131 5 13512 
9 138 55 131 4 13813 
7 136 56 131 5 13612 
9 139 55 131 4 13913 
7 137 56 131 4 13712 
9 140 55 131 4 14016 
7 138 56 131 4 13812 
9 141 55 131 7 14113 
7 139 56 131 4 13912 
9 142 55 131 7 14213 
7 140 56 131 4 14012 
9 143 55 131 7 14313 
7 141 56 131 10 14112 
9 144 55 131 7 14413 
7 142 56 131 10 14212 
9 145 55 131 11 14513 
7 143 56 131 10 14312 
9 146 55 131 11 14613 
7 144 56 131 10 14412 
9 147 55 131 11 14713 
7 145 56 131 12 14512 
9 148 55 131 11 14813 
7 146 56 131 12 14612 
9 149 55 131 11 14913 
7 147 56 131 12 14712 
9 150 55 131 11 15013 
7 148 56 131 12 14812 
9 151 55 131 11 15113 
7 149 56 131 10 14912 
9 152 55 131 11 15213 
7 150 56 131 10 15012 
9 153 55 131 5 15313 
7 151 56 131 10 15112 
9 154 55 131 5 15413 
7 152 56 131 10 15212 
9 155 55 131 5 15516 
7 153 56 131 10 15312 
9 156 55 131 6 15613 
7 154 56 131 10 15412 
9 157 55 131 6 15713 
7 155 56 131 10 15512 
9 158 55 131 6 15813 
7 156 56 131 10 15612 
9 159 55 131 6 15913 
7 157 56 131 14 15712 
9 160 55 131 6 16013 
7 158 56 131 14 15812 
9 161 55 131 6 16113 
7 159 56 131 14 15912 
9 162 55 131 6 16213 
7 160 56 131 14 16012 
9 163 55 131 6 16313 
7 161 56 131 7 16112 
9 164 55 131 10 16413 
7 162 56 131 7 16212 
9 165 55 131 10 16513 
7 163 56 131 7 16312 
9 166 55 131 10 16613 
7 164 56 131 7 16412 
9 167 55 131 10 16713 
7 165 56 131 4 16512 
9 168 55 131 2 16813 
7 166 56 131 4 16612 
9 169 55 131 2 16913 
7 167 56 131 4 16712 
9 170 55 131 2 17013 
7 168 56 131 4 16812 
9 171 55 131 2 17113 
7 169 56 131 3 16912 
9 172 55 131 5 17213 
7 170 56 131 3 17012 
9 173 55 131 5 17313 
7 171 56 131 3 17112 
9 174 55 131 5 17413 
7 172 56 131 3 17212 
9 175 55 131 5 17513 
7 173 56 131 3 17312 
9 176 55 131 3 17613 
7 174 56 131 3 17412 
9 177 55 131 3 17713 
7 175 56 131 3 17512 
9 178 55 131 3 17813 
7 176 56 131 3 17612 
9 179 55 131 3 17913 
7 177 56 131 4 17712 
9 180 55 131 3 18013 
7 178 56 131 4 17812 
9 181 55 131 3 18113 
7 179 56 131 4 17912 
9 182 55 131 3 18215 
7 180 56 131 4 18012 
9 183 55 131 3 18313 
7 181 56 131 4 18112 
9 184 55 131 3 18413 
7 182 56 131 4 18212 
9 185 55 131 3 18513 
7 183 56 131 4 18312 
9 186 55 131 3 18613 
7 184 56 131 4 18412 
9 187 55 131 4 18713 
7 185 56 131 3 18512 
9 188 55 131 4 18813 
7 186 56 131 3 18612 
9 189 55 131 4 18913 
7 187 56 131 3 18712 
9 190 55 131 4 19013 
7 188 56 131 3 18812 
9 191 55 131 3 19113 
7 189 56 131 1 18912 
9 192 55 131 3 19213 
7 190 56 131 1 19012 
9 193 55 131 3 19313 
7 191 56 131 1 19112 
9 194 55 131 3 19413 
7 192 56 131 1 19212 
9 195 55 131 3 19513 
7 193 56 131 2 19312 
9 196 55 131 3 19613 
7 194 56 131 2 19412 
9 197 55 131 3 19715 
7 195 56 131 2 19512 
9 198 55 131 7 19813 
7 196 56 131 2 19612 
9 199 55 131 7 19913 
7 197 56 131 3 19712 
9 200 55 131 7 20013 
7 198 56 131 3 19812 
9 201 55 131 7 20113 
7 199 56 131 3 19912 
9 202 55 131 3 20213 
7 200 56 131 3 20012 
9 203 55 131 3 20313 
7 201 56 131 2 20112 
9 204 55 131 3 20413 
7 202 56 131 2 20212 
9 205 55 131 3 20513 
7 203 56 131 2 20312 
9 206 55 131 3 20613 
7 204 56 131 2 20412 
9 207 55 131 3 20713 
7 205 56 131 3 20512 
9 208 55 131 3 20813 
7 206 56 131 3 20612 
9 209 55 131 3 20913 
7 207 56 131 3 20712 
9 210 55 131 3 21013 
7 208 56 131 3 20812 
9 211 55 131 3 21113 
7 209 56 131 3 20912 
9 212 55 131 3 21215 
7 210 56 131 3 21012 
9 213 55 131 3 21313 
7 211 56 131 3 21112 
9 214 55 131 3 21413 
7 212 56 131 3 21212 
9 215 55 131 3 21513 
7 213 56 131 3 21312 
9 216 55 131 3 21613 
7 214 56 131 3 21412 
9 217 55 131 3 21713 
7 215 56 131 3 21512 
9 218 55 131 3 21813 
7 216 56 131 3 21612 
9 219 55 131 3 21913 
7 217 56 131 3 21712 
9 220 55 131 3 22013 
7 218 56 131 3 21812 
9 221 55 131 3 22113 
7 219 56 131 3 21912 
9 222 55 131 3 22213 
7 220 56 131 3 22012 
9 223 55 131 3 22313 
7 221 56 131 3 22112 
9 224 55 131 3 22413 
7 222 56 131 3 22212 
9 225 55 131 3 22513 
7 223 56 131 3 22312 
9 226 55 131 3 22613 
7 224 56 131 3 22412 
9 227 55 131 3 22716 
7 225 56 131 3 22512 
9 228 55 131 7 22813 
7 226 56 131 3 22612 
9 229 55 131 7 22913 
7 227 56 131 3 22712 
9 230 55 131 7 23013 
7 228 56 131 3 22812 
9 231 55 131 7 23113 
7 229 56 131 3 22912 
9 232 55 131 3 23213 
7 230 56 131 3 23012 
9 233 55 131 3 23313 
7 231 56 131 3 23112 
9 234 55 131 3 23413 
7 232 56 131 3 23212 
9 235 55 131 3 23513 
7 233 56 131 4 23312 
9 236 55 131 3 23613 
7 234 56 131 4 23412 
9 237 55 131 3 23713 
7 235 56 131 4 23512 
9 238 55 131 3 23813 
7 236 56 131 4 23612 
9 239 55 131 3 23913 
7 237 56 131 4 23712 
9 240 55 131 2 24013 
7 238 56 131 4 23812 
9 241 55 131 2 24113 
7 239 56 131 4 23912 
9 242 55 131 2 24215 
7 240 56 131 4 24012 
9 243 55 131 5 24313 
7 241 56 131 2 24112 
9 244 55 131 5 24413 
7 242 56 131 2 24212 
9 245 55 131 5 24513 
7 243 56 131 2 24312 
9 246 55 131 5 24613 
7 244 56 131 2 24412 
9 247 55 131 5 24713 
7 245 56 131 4 24512 
9 248 55 131 5 24813 
7 246 56 131 4 24612 
9 249 55 131 5 24913 
7 247 56 131 4 24712 
9 250 55 131 5 25013 
7 248 56 131 4 24812 
9 251 55 131 3 25113 
7 249 56 131 3 24912 
9 252 55 131 3 25213 
7 250 56 131 3 25012 
9 253 55 131 3 25313 
7 251 56 131 3 25112 
9 254 55 131 3 25413 
7 252 56 131 3 25212 
9 255 55 131 3 25513 
7 253 56 131 8 25312 
9 256 55 131 3 25613 
7 254 56 131 8 25412 
9 257 55 131 3 25716 
7 255 56 131 8 25512 
9 258 55 131 2 25813 
7 256 56 131 8 25612 
9 259 55 131 2 25913 
7 257 56 131 3 25712 
9 260 55 131 2 26013 
7 258 56 131 3 25812 
9 261 55 131 2 26113 
7 259 56 131 3 25912 
9 262 55 131 2 26213 
7 260 56 131 3 26012 
9 263 55 131 2 26313 
7 261 56 131 2 26112 
9 264 55 131 2 26413 
7 262 56 131 2 26212 
9 265 55 131 2 26513 
7 263 56 131 2 26312 
9 266 55 131 3 26613 
7 264 56 131 2 26412 
9 267 55 131 3 26713 
7 265 56 131 3 26512 
9 268 55 131 3 26813 
7 266 56 131 3 26612 
9 269 55 131 3 26913 
7 267 56 131 3 26712 
9 270 55 131 3 27013 
7 268 56 131 3 26812 
9 271 55 131 3 27113 
7 269 56 131 3 26912 
9 272 55 131 3 27215 
7 270 56 131 3 27012 
9 273 55 131 3 27313 
7 271 56 131 3 27112 
9 274 55 131 3 27413 
7 272 56 131 3 27212 
9 275 55 131 3 27513 
7 273 56 131 5 27312 
9 276 55 131 3 27613 
7 274 56 131 5 27412 
9 277 55 131 5 27713 
7 275 56 131 5 27512 
9 278 55 131 5 27813 
7 276 56 131 5 27612 
9 279 55 131 5 27913 
7 277 56 131 4 27712 
9 280 55 131 5 28013 
7 278 56 131 4 27812 
9 281 55 131 4 28113 
7 279 56 131 4 27912 
9 282 55 131 4 28213 
7 280 56 131 4 28012 
9 283 55 131 4 28313 
7 281 56 131 6 28112 
9 284 55 131 4 28413 
7 282 56 131 6 28212 
9 285 55 131 4 28513 
7 283 56 131 6 28312 
9 286 55 131 4 28613 
7 284 56 131 6 28412 
9 287 55 131 4 28716 
7 285 56 131 5 28512 
9 288 55 131 5 28813 
7 286 56 131 5 28612 
9 289 55 131 5 28913 
7 287 56 131 5 28712 
9 290 55 131 5 29013 
7 288 56 131 5 28812 
9 291 55 131 5 29113 
7 289 56 131 7 28912 
9 292 55 131 6 29213 
7 290 56 131 7 29012 
9 293 55 131 6 29313 
7 291 56 131 7 29112 
9 294 55 131 6 29413 
7 292 56 131 7 29212 
9 295 55 131 6 29513 
7 293 56 131 12 29312 
9 296 55 131 6 29613 
7 294 56 131 12 29412 
9 297 55 131 6 29713 
9 298 55 131 6 29813 
7 296 56 131 12 29612 
9 299 55 131 6 29913 
7 297 56 131 5 29712 
9 300 55 131 6 30013 
7 298 56 131 5 29812 
9 301 55 131 6 30113 
7 299 56 131 5 29912 
9 302 55 131 6 30216 
7 300 56 131 5 30012 
9 303 55 131 4 30313 
7 301 56 131 6 30112 
9 304 55 131 4 30413 
7 302 56 131 6 30212 
9 305 55 131 4 30513 
7 303 56 131 6 30312 
9 306 55 131 4 30613 
7 304 56 131 6 30412 
9 307 55 131 1 30713 
7 305 56 131 3 30512 
9 308 55 131 1 30813 
7 306 56 131 3 30612 
9 309 55 131 1 30913 
7 307 56 131 3 30712 
9 310 55 131 1 31013 
7 308 56 131 3 30812 
9 311 55 131 3 31113 
7 309 56 131 1 30912 
9 312 55 131 3 31213 
7 310 56 131 1 31012 
9 313 55 131 3 31313 
7 311 56 131 1 31112 
9 314 55 131 3 31413 
7 312 56 131 1 31212 
9 315 55 131 2 31513 
7 313 56 131 3 31312 
9 316 55 131 2 31613 
7 314 56 131 3 31412 
9 317 55 131 2 31716 
7 315 56 131 3 31512 
9 318 55 131 3 31813 
7 316 56 131 3 31612 
9 319 55 131 3 31913 
7 317 56 131 3 31712 
9 320 55 131 3 32013 
7 318 56 131 3 31812 
9 321 55 131 3 32113 
7 319 56 131 3 31912 
9 322 55 131 2 32213 
7 320 56 131 3 32012 
9 323 55 131 2 32313 
7 321 56 131 4 32112 
9 324 55 131 2 32413 
7 322 56 131 4 32212 
9 325 55 131 2 32513 
7 323 56 131 4 32312 
9 326 55 131 4 32613 
7 324 56 131 4 32412 
9 327 55 131 4 32713 
7 325 56 131 4 32512 
9 328 55 131 4 32813 
7 326 56 131 4 32612 
9 329 55 131 4 32913 
7 327 56 131 4 32712 
9 330 55 131 12 33013 
7 328 56 131 4 32812 
9 331 55 131 12 33113 
7 329 56 131 18 32912 
9 332 55 131 12 33215 
7 330 56 131 18 33012 
9 333 55 131 13 33313 
7 331 56 131 18 33112 
9 334 55 131 13 33413 
7 332 56 131 18 33212 
9 335 55 131 13 33513 
7 333 56 131 21 33312 
9 336 55 131 13 33613 
7 334 56 131 21 33412 
9 337 55 131 14 33713 
7 335 56 131 21 33512 
9 338 55 131 14 33813 
7 336 56 131 21 33612 
9 339 55 131 14 33913 
7 337 56 131 28 33712 
9 340 55 131 14 34013 
7 338 56 131 28 33812 
9 341 55 131 19 34113 
7 339 56 131 28 33912 
9 342 55 131 19 34213 
7 340 56 131 28 34012 
9 343 55 131 19 34313 
7 341 56 131 23 34112 
9 344 55 131 19 34413 
7 342 56 131 23 34212 
9 345 55 131 19 34513 
7 343 56 131 23 34312 
9 346 55 131 19 34613 
7 344 56 131 23 34412 
9 347 55 131 19 34716 
7 345 56 131 19 34512 
9 348 55 131 19 34813 
7 346 56 131 19 34612 
9 349 55 131 19 34913 
7 347 56 131 19 34712 
9 350 55 131 19 35013 
7 348 56 131 19 34812 
9 351 55 131 19 35113 
7 349 56 131 15 34912 
9 352 55 131 13 35213 
7 350 56 131 15 35012 
9 353 55 131 13 35313 
7 351 56 131 15 35112 
9 354 55 131 13 35413 
7 352 56 131 15 35212 
9 355 55 131 13 35513 
7 353 56 131 13 35312 
9 356 55 131 11 35613 
7 354 56 131 13 35412 
9 357 55 131 11 35713 
7 355 56 131 13 35512 
9 358 55 131 11 35813 
7 356 56 131 13 35612 
9 359 55 131 11 35913 
7 357 56 131 3 35712 
9 360 55 131 4 36013 
7 358 56 131 3 35812 
9 361 55 131 4 36113 
7 359 56 131 3 35912 
9 362 55 131 4 36216 
7 360 56 131 3 36012 
9 363 55 131 4 36313 
7 361 56 131 2 36112 
9 364 55 131 4 36413 
7 362 56 131 2 36212 
9 365 55 131 4 36513 
7 363 56 131 2 36312 
9 366 55 131 4 36613 
7 364 56 131 2 36412 
9 367 55 131 2 36713 
7 365 56 131 2 36512 
9 368 55 131 2 36813 
7 366 56 131 2 36612 
9 369 55 131 2 36913 
7 367 56 131 2 36712 
9 370 55 131 2 37013 
7 368 56 131 2 36812 
9 371 55 131 4 37113 
7 369 56 131 2 36912 
9 372 55 131 4 37213 
7 370 56 131 2 37012 
9 373 55 131 4 37313 
7 371 56 131 2 37112 
9 374 55 131 4 37413 
7 372 56 131 2 37212 
9 375 55 131 4 37513 
7 373 56 131 6 37312 
9 376 55 131 4 37613 
7 374 56 131 6 37412 
9 377 55 131 4 37715 
7 375 56 131 6 37512 
9 378 55 131 4 37813 
7 376 56 131 6 37612 
9 379 55 131 4 37913 
7 377 56 131 5 37712 
9 380 55 131 4 38013 
7 378 56 131 5 37812 
9 381 55 131 4 38113 
7 379 56 131 5 37912 
9 382 55 131 3 38213 
7 380 56 131 5 38012 
9 383 55 131 3 38313 
7 381 56 131 4 38112 
9 384 55 131 3 38413 
7 382 56 131 4 38212 
9 385 55 131 3 38513 
7 383 56 131 4 38312 
9 386 55 131 4 38613 
7 384 56 131 4 38412 
9 387 55 131 4 38713 
7 385 56 131 4 38512 
9 388 55 131 4 38813 
7 386 56 131 4 38612 
9 389 55 131 4 38913 
7 387 56 131 4 38712 
9 390 55 131 4 39013 
7 388 56 131 4 38812 
9 391 55 131 4 39113 
7 389 56 131 5 38912 
9 392 55 131 4 39215 
7 390 56 131 5 39012 
9 393 55 131 4 39313 
7 391 56 131 5 39112 
9 394 55 131 4 39413 
7 392 56 131 5 39212 
9 395 55 131 4 39513 
7 393 56 131 4 39312 
9 396 55 131 4 39613 
7 394 56 131 4 39412 
9 397 55 131 0 39713 
7 395 56 131 4 39512 
9 398 55 131 0 39813 
7 396 56 131 4 39612 
9 399 55 131 0 39913 
7 397 56 131 3 39712 
9 400 55 131 0 40013 
7 398 56 131 3 39812 
9 401 55 131 3 40113 
7 399 56 131 3 39912 
9 402 55 131 3 40213 
7 400 56 131 3 40012 
9 403 55 131 3 40313 
7 401 56 131 4 40112 
9 404 55 131 3 40413 
7 402 56 131 4 40212 
9 405 55 131 4 40513 
7 403 56 131 4 40312 
9 406 55 131 4 40613 
7 404 56 131 4 40412 
9 407 55 131 4 40715 
7 405 56 131 4 40512 
9 408 55 131 4 40813 
7 406 56 131 4 40612 
9 409 55 131 4 40913 
7 407 56 131 4 40712 
9 410 55 131 4 41013 
7 408 56 131 4 40812 
9 411 55 131 4 41113 
7 409 56 131 4 40912 
9 412 55 131 4 41213 
7 410 56 131 4 41012 
